1	0.00038593973558647505
2	0.00038593973558647505
3	0.00038593973558647505
4	0.00038593973558647505
5	0.0006024378033356537
6	0.00038593973558647505
7	0.00038593973558647505
8	0.00038593973558647505
9	0.00038593973558647505
10	0.004320428532394804
11	0.004320428532394804
12	0.00038593973558647505
13	0.004320428532394804
14	0.00038593973558647505
15	0.001251932006583213
16	0.004320428532394804
17	0.007282795298655205
18	0.0012519320065832132
19	0.00038593973558647505
20	0.004471321431043764
21	0.004320428532394804
22	0.004320428532394804
23	0.006550655451806773
24	0.0016371906195032833
25	0.00038593973558647505
26	0.00038593973558647505
27	0.00038593973558647505
28	0.00038593973558647505
29	0.00038593973558647505
30	0.00038593973558647505
31	0.004320428532394804
32	0.0008189358710848401
33	0.022839508657631576
34	0.00038593973558647505
35	0.00038593973558647505
36	0.0012695348026448953
37	0.00038593973558647505
38	0.004320428532394804
39	0.00038593973558647505
40	0.00038593973558647505
41	0.004320428532394804
42	0.00566706038474836
43	0.00038593973558647505
44	0.00038593973558647505
45	0.00038593973558647505
46	0.004320428532394804
47	0.0057800619681718825
48	0.00038593973558647505
49	0.008512798863126106
50	0.00038593973558647505
51	0.004320428532394804
52	0.00038593973558647505
53	0.004320428532394804
54	0.00038593973558647505
55	0.00038593973558647505
56	0.0008189358710848402
57	0.004320428532394804
58	0.001991987210012975
59	0.0017325715879400309
60	0.0012695348026448953
61	0.007187414330218458
62	0.00038593973558647505
63	0.00038593973558647505
64	0.004320428532394804
65	0.00038593973558647505
66	0.00038593973558647505
67	0.004320428532394804
68	0.00038593973558647505
69	0.00038593973558647505
70	0.00038593973558647505
71	0.00038593973558647505
72	0.00038593973558647505
73	0.00038593973558647505
74	0.004320428532394804
75	0.0006024378033356565
76	0.00038593973558647505
77	0.00038593973558647505
78	0.006901374110880469
79	0.00038593973558647505
80	0.00038593973558647505
81	0.2910729788622098
82	0.028806838844305786
83	0.00038593973558647505
84	0.00038593973558647505
85	0.00038593973558647505
86	0.00038593973558647505
87	0.009491134164619743
88	0.027839929226074995
89	0.00038593973558647505
90	0.00038593973558647505
91	0.004320428532394804
92	0.004320428532394804
93	0.0012695348026448953
94	0.004320428532394804
95	0.0069013741108804654
96	0.0029668853140721366
97	0.00038593973558647505
98	0.0012695348026448953
99	0.00038593973558647505
100	0.001098102304029567
101	0.004320428532394804
102	0.004320428532394804
103	0.00038593973558647505
104	0.00038593973558647505
105	0.00038593973558647505
106	0.007806887145204553
107	0.0026161666549984514
108	0.00038593973558647505
109	0.0008189358710848479
110	0.0008189358710848479
111	0.004320428532394804
112	0.004320428532394804
113	0.00566706038474836
114	0.004320428532394804
115	0.00038593973558647505
116	0.0012695348026448953
117	0.008949228565799971
118	0.0017325715879400309
119	0.00038593973558647505
120	0.00038593973558647505
121	0.00038593973558647505
122	0.004320428532394804
123	0.0052040235994532166
124	0.00038593973558647505
125	0.007801906335723597
126	0.00038593973558647505
127	0.00038593973558647505
128	0.0012695348026448953
129	0.00038593973558647505
130	0.00566706038474836
131	0.004320428532394804
132	0.00038593973558647505
133	0.00038593973558647505
134	0.0052040235994532166
135	0.00038593973558647505
136	0.005571679416311612
137	0.00038593973558647505
138	0.0017325715879400309
139	0.004320428532394804
140	0.004320428532394804
141	0.0012695348026448953
142	0.00038593973558647505
143	0.00038593973558647505
144	0.004320428532394804
145	0.004320428532394804
146	0.008483472667567606
147	0.0012695348026448953
148	0.004320428532394804
149	0.00038593973558647505
150	0.00038593973558647505
151	0.00566706038474836
152	0.00038593973558647505
153	0.004320428532394804
154	0.009840702624449828
155	0.00038593973558647505
156	0.00038593973558647505
157	0.0052040235994532166
158	0.00038593973558647505
159	0.00038593973558647505
160	0.00038593973558647505
161	0.006550655451806773
162	0.0017325715879400309
163	0.00038593973558647505
164	0.00038593973558647505
165	0.00038593973558647505
166	0.00038593973558647505
167	0.00038593973558647505
168	0.0008189358710848402
169	0.005846101639681135
170	0.004320428532394804
171	0.01002055753326034
172	0.0052040235994532166
173	0.00038593973558647505
174	0.00038593973558647505
175	0.004320428532394804
176	0.00038593973558647505
177	0.00038593973558647505
178	0.0012695348026448953
179	0.00038593973558647505
180	0.004320428532394804
181	0.009153518997558126
182	0.004320428532394804
183	0.00038593973558647505
184	0.00038593973558647505
185	0.004320428532394804
186	0.004320428532394804
187	0.004320428532394804
188	0.0017325715879400309
189	0.00038593973558647505
190	0.00038593973558647505
191	0.00038593973558647505
192	0.0052040235994532166
193	0.00038593973558647505
194	0.004320428532394804
195	0.004320428532394804
196	0.00038593973558647505
197	0.007806887145204553
198	0.0008189358710848479
199	0.0012695348026448953
200	0.004320428532394804
201	0.00038593973558647505
202	0.0059264760068213195
203	0.004320428532394804
204	0.004320428532394804
205	0.004320428532394804
206	0.004320428532394804
207	0.00038593973558647505
208	0.00038593973558647505
209	0.0006024378033356565
210	0.00038593973558647505
211	0.0017325715879400309
212	0.0006024378033356537
213	0.00038593973558647505
214	0.00692329207814614
215	0.00038593973558647505
216	0.00038593973558647505
217	0.004320428532394804
218	0.00038593973558647505
219	0.00038593973558647505
220	0.0029888032813378106
221	0.00038593973558647505
222	0.004320428532394804
223	0.00038593973558647505
224	0.0017325715879400309
225	0.004320428532394804
226	0.00038593973558647505
227	0.004320428532394804
228	0.0017325715879400309
229	0.00038593973558647505
230	0.00038593973558647505
231	0.00038593973558647505
232	0.00038593973558647505
233	0.00038593973558647505
234	0.00038593973558647505
235	0.00038593973558647505
236	0.00038593973558647505
237	0.00038593973558647505
238	0.00038593973558647505
239	0.00038593973558647505
240	0.00038593973558647505
241	0.00038593973558647505
242	0.00038593973558647505
243	0.00038593973558647505
244	0.00038593973558647505
245	0.00038593973558647505
246	0.00038593973558647505
247	0.00038593973558647505
248	0.00038593973558647505
249	0.00038593973558647505
250	0.00038593973558647505
251	0.00038593973558647505
252	0.00038593973558647505
253	0.00038593973558647505
254	0.00038593973558647505
255	0.00038593973558647505
256	0.00038593973558647505
257	0.00038593973558647505
258	0.00038593973558647505
259	0.00038593973558647505
260	0.00038593973558647505
261	0.00038593973558647505
262	0.00038593973558647505
263	0.00038593973558647505
264	0.00038593973558647505
265	0.00038593973558647505
266	0.00038593973558647505
267	0.00038593973558647505
268	0.00038593973558647505
269	0.00038593973558647505
270	0.00038593973558647505
271	0.00038593973558647505
272	0.00038593973558647505
273	0.00038593973558647505
274	0.00038593973558647505
275	0.00038593973558647505
276	0.00038593973558647505
277	0.00038593973558647505
278	0.00038593973558647505
279	0.00038593973558647505
280	0.00038593973558647505
281	0.00038593973558647505
282	0.00038593973558647505
283	0.00038593973558647505
284	0.00038593973558647505
285	0.00038593973558647505
286	0.00038593973558647505
287	0.00038593973558647505
288	0.00038593973558647505
289	0.00038593973558647505
290	0.00038593973558647505
291	0.00038593973558647505
292	0.00038593973558647505
293	0.00038593973558647505
294	0.00038593973558647505
295	0.00038593973558647505
296	0.00038593973558647505
297	0.00038593973558647505
298	0.00038593973558647505
299	0.00038593973558647505
300	0.00038593973558647505
301	0.00038593973558647505
302	0.00038593973558647505
303	0.00038593973558647505
304	0.00038593973558647505
305	0.00038593973558647505
306	0.00038593973558647505
307	0.00038593973558647505
308	0.00038593973558647505
309	0.00038593973558647505
310	0.00038593973558647505
311	0.00038593973558647505
312	0.00038593973558647505
313	0.00038593973558647505
314	0.00038593973558647505
315	0.00038593973558647505
316	0.00038593973558647505
317	0.00038593973558647505
318	0.00038593973558647505
319	0.00038593973558647505
320	0.00038593973558647505
321	0.00038593973558647505
322	0.00038593973558647505
323	0.00038593973558647505
324	0.00038593973558647505
325	0.00038593973558647505
326	0.00038593973558647505
327	0.00038593973558647505
328	0.00038593973558647505
329	0.00038593973558647505
330	0.00038593973558647505
331	0.00038593973558647505
332	0.00038593973558647505
333	0.00038593973558647505
334	0.00038593973558647505
335	0.00038593973558647505
336	0.00038593973558647505
337	0.00038593973558647505
338	0.00038593973558647505
339	0.00038593973558647505
340	0.00038593973558647505
341	0.00038593973558647505
342	0.00038593973558647505
343	0.00038593973558647505
344	0.00038593973558647505
345	0.00038593973558647505
346	0.00038593973558647505
347	0.00038593973558647505
348	0.00038593973558647505
349	0.00038593973558647505
350	0.00038593973558647505
351	0.00038593973558647505
352	0.00038593973558647505
353	0.00038593973558647505
354	0.00038593973558647505
355	0.00038593973558647505
356	0.00038593973558647505
357	0.00038593973558647505
358	0.00038593973558647505
359	0.00038593973558647505
360	0.00038593973558647505
361	0.00038593973558647505
362	0.00038593973558647505
363	0.00038593973558647505
364	0.00038593973558647505
365	0.00038593973558647505
366	0.00038593973558647505
367	0.00038593973558647505
368	0.00038593973558647505
369	0.00038593973558647505
370	0.00038593973558647505
371	0.00038593973558647505
372	0.00038593973558647505
373	0.00038593973558647505
374	0.00038593973558647505
375	0.00038593973558647505
376	0.00038593973558647505
377	0.00038593973558647505
378	0.00038593973558647505
379	0.00038593973558647505
380	0.00038593973558647505
381	0.00038593973558647505
382	0.00038593973558647505
383	0.00038593973558647505
384	0.00038593973558647505
385	0.00038593973558647505
386	0.00038593973558647505
387	0.00038593973558647505
388	0.00038593973558647505
389	0.00038593973558647505
390	0.00038593973558647505
391	0.00038593973558647505
392	0.00038593973558647505
393	0.00038593973558647505
394	0.00038593973558647505
395	0.00038593973558647505
396	0.00038593973558647505
397	0.00038593973558647505
398	0.00038593973558647505
399	0.00038593973558647505
400	0.00038593973558647505
401	0.00038593973558647505
402	0.00038593973558647505
403	0.00038593973558647505
404	0.00038593973558647505
405	0.00038593973558647505
406	0.00038593973558647505
407	0.00038593973558647505
408	0.00038593973558647505
409	0.00038593973558647505
410	0.00038593973558647505
411	0.00038593973558647505
412	0.00038593973558647505
413	0.00038593973558647505
414	0.00038593973558647505
415	0.00038593973558647505
416	0.00038593973558647505
417	0.00038593973558647505
418	0.00038593973558647505
419	0.00038593973558647505
420	0.00038593973558647505
421	0.00038593973558647505
422	0.00038593973558647505
423	0.00038593973558647505
424	0.00038593973558647505
425	0.00038593973558647505
426	0.00038593973558647505
427	0.00038593973558647505
428	0.00038593973558647505
429	0.00038593973558647505
430	0.00038593973558647505
431	0.00038593973558647505
432	0.00038593973558647505
433	0.00038593973558647505
434	0.00038593973558647505
435	0.00038593973558647505
436	0.00038593973558647505
437	0.00038593973558647505
438	0.00038593973558647505
439	0.00038593973558647505
440	0.00038593973558647505
441	0.00038593973558647505
442	0.00038593973558647505
443	0.00038593973558647505
444	0.00038593973558647505
445	0.00038593973558647505
446	0.00038593973558647505
447	0.00038593973558647505
448	0.00038593973558647505
449	0.00038593973558647505
450	0.00038593973558647505
451	0.00038593973558647505
452	0.00038593973558647505
453	0.00038593973558647505
454	0.00038593973558647505
455	0.00038593973558647505
456	0.00038593973558647505
457	0.00038593973558647505
458	0.00038593973558647505
459	0.00038593973558647505
460	0.00038593973558647505
461	0.00038593973558647505
462	0.00038593973558647505
463	0.00038593973558647505
464	0.00038593973558647505
465	0.00038593973558647505
466	0.00038593973558647505
467	0.00038593973558647505
468	0.00038593973558647505
469	0.00038593973558647505
470	0.00038593973558647505
471	0.00038593973558647505
472	0.00038593973558647505
473	0.00038593973558647505
474	0.00038593973558647505
475	0.00038593973558647505
476	0.00038593973558647505
477	0.00038593973558647505
478	0.00038593973558647505
479	0.00038593973558647505
480	0.00038593973558647505
481	0.00038593973558647505
482	0.00038593973558647505
483	0.00038593973558647505
484	0.00038593973558647505
485	0.00038593973558647505
486	0.00038593973558647505
487	0.00038593973558647505
488	0.00038593973558647505
489	0.00038593973558647505
490	0.00038593973558647505
491	0.00038593973558647505
492	0.00038593973558647505
493	0.00038593973558647505
494	0.00038593973558647505
495	0.00038593973558647505
496	0.00038593973558647505
497	0.00038593973558647505
498	0.00038593973558647505
499	0.00038593973558647505
500	0.00038593973558647505
501	0.00038593973558647505
502	0.00038593973558647505
503	0.00038593973558647505
504	0.00038593973558647505
505	0.00038593973558647505
506	0.00038593973558647505
507	0.00038593973558647505
508	0.00038593973558647505
509	0.00038593973558647505
510	0.00038593973558647505
511	0.00038593973558647505
512	0.00038593973558647505
513	0.0003859397355864731
